None,A,B,C,D,E,F,G,H,I,J,K
A,None,2,4,8,16,32,64,128,256,512,1024
B,1024,None,512,256,128,64,32,16,8,4,2
C,1024,512,None,2,4,8,16,32,64,128,256
D,1024,512,256,None,128,64,32,16,8,4,2
E,1024,512,256,128,None,2,4,8,16,32,64
F,1024,512,256,128,64,None,32,16,8,4,2
G,1024,512,256,128,64,32,None,2,4,8,16
H,1024,512,256,128,64,32,16,None,8,4,2
I,1024,512,256,128,64,32,16,8,None,2,4
J,1024,512,256,128,64,32,16,8,4,None,2
K,1024,512,256,128,64,32,16,8,4,2,None